These tables are source data for graphs in the OSM Diary [OSM Contributors Outlook - The Pulse of OpenStreetMap Contributors](https://www.openstreetmap.org/user/PierZen/diary/42470), 2017-10-11

These are compilations from the [OSM Changesets Dump File ](https://wiki.openstreetmap.org/wiki/Changeset#Changeset_Dump).

Table 1 The Pulse of OSM Contributors, 12 first months of Contribution – Number of participants by month
| Cohort | 1       :| 2      :| 3      :| 4      :| 5      :| 6     :| 7     :| 8     :| 9     :| 10    :| 11    :| 12    :| 
|--------|---------|--------|--------|--------|--------|-------|-------|-------|-------|-------|-------|-------| 
| 2005   | 83      | 34     | 29     | 26     | 26     | 26    | 28    | 30    | 24    | 26    | 26    | 27    | 
| 2006   | 438     | 215    | 173    | 150    | 143    | 157   | 156   | 171   | 155   | 160   | 171   | 162   | 
| 2007   | 4,848   | 1,885  | 1,411  | 1,230  | 1,137  | 1,075 | 1,068 | 1,040 | 1,028 | 1,009 | 1,037 | 995   | 
| 2008   | 26,549  | 7,943  | 5,186  | 4,314  | 3,871  | 3,524 | 3,367 | 3,251 | 3,183 | 3,165 | 3,136 | 3,191 | 
| 2009   | 48,757  | 10,461 | 6,362  | 5,140  | 4,544  | 4,236 | 3,955 | 3,716 | 3,672 | 3,603 | 3,537 | 3,629 | 
| 2010   | 51,623  | 9,139  | 5,272  | 4,176  | 3,741  | 3,457 | 3,269 | 3,219 | 3,056 | 2,938 | 2,981 | 3,089 | 
| 2011   | 62,282  | 9,961  | 5,466  | 4,363  | 3,818  | 3,419 | 3,238 | 3,057 | 3,030 | 2,912 | 2,868 | 2,920 | 
| 2012   | 84,799  | 12,108 | 6,842  | 5,429  | 4,624  | 4,266 | 4,000 | 3,866 | 3,596 | 3,563 | 3,462 | 3,472 | 
| 2013   | 83,950  | 12,689 | 6,807  | 5,362  | 4,512  | 4,066 | 3,873 | 3,760 | 3,549 | 3,441 | 3,359 | 3,451 | 
| 2014   | 105,224 | 13,752 | 7,359  | 5,750  | 4,931  | 4,404 | 4,257 | 4,104 | 3,765 | 3,628 | 3,567 | 3,648 | 
| 2015   | 106,649 | 13,689 | 7,149  | 5,598  | 4,760  | 4,383 | 4,191 | 3,843 | 3,769 | 3,630 | 3,575 | 3,683 | 
| 2016   | 197,526 | 27,456 | 15,337 | 12,113 | 10,054 | 8,975 | 8,345 | 7,474 | 7,136 | 6,293 | 5,349 | 4,797 | 
| 2017   | 155,561 | 18,546 | 8,919  |        |        |       |       |       |       |       |       |       | 

Table 2 Contributors and Contributions by month, group by Contributors cumulative days of participation
Cumulative days : Pascal Neis classification
This data is used both for graphs 2 and 3

A. Contributors
| mois    |   1-2 Discover | 3-14 Rarely Active | 16-39 Regularly Active | 40-80 Active | 80-170 Very Active | 171-270 Highly Active | 271+ Mega Active | 
|---------|-----------|------------|------------|------------|------------|------------|------------| 
| 2010-01 | 4,414          | 2,768              | 1,755                  | 1,293        | 1,259              | 547                   | 408              | 
| 2010-02 | 4,065          | 2,577              | 1,554                  | 1,257        | 1,215              | 530                   | 433              | 
| 2010-03 | 4,310          | 2,918              | 1,781                  | 1,440        | 1,296              | 599                   | 478              | 
| 2010-04 | 4,223          | 3,175              | 2,028                  | 1,594        | 1,481              | 622                   | 522              | 
| 2010-05 | 3,918          | 3,058              | 1,998                  | 1,604        | 1,540              | 637                   | 557              | 
| 2010-06 | 4,110          | 2,884              | 1,893                  | 1,502        | 1,519              | 649                   | 599              | 
| 2010-07 | 3,580          | 2,809              | 1,901                  | 1,535        | 1,554              | 677                   | 642              | 
| 2010-08 | 4,436          | 3,276              | 2,081                  | 1,645        | 1,574              | 719                   | 707              | 
| 2010-09 | 3,971          | 2,956              | 1,992                  | 1,535        | 1,557              | 710                   | 739              | 
| 2010-10 | 3,812          | 2,733              | 1,828                  | 1,461        | 1,568              | 708                   | 779              | 
| 2010-11 | 4,173          | 2,693              | 1,651                  | 1,435        | 1,478              | 715                   | 787              | 
| 2010-12 | 4,169          | 2,751              | 1,773                  | 1,440        | 1,517              | 775                   | 850              | 
| 2011-01 | 4,128          | 3,017              | 1,892                  | 1,573        | 1,573              | 815                   | 906              | 
| 2011-02 | 4,434          | 2,826              | 1,806                  | 1,511        | 1,567              | 803                   | 925              | 
| 2011-03 | 4,523          | 3,138              | 2,024                  | 1,573        | 1,627              | 861                   | 964              | 
| 2011-04 | 5,795          | 3,762              | 2,247                  | 1,653        | 1,783              | 881                   | 1,042            | 
| 2011-05 | 5,444          | 4,051              | 2,227                  | 1,696        | 1,769              | 913                   | 1,068            | 
| 2011-06 | 6,043          | 4,523              | 2,277                  | 1,678        | 1,752              | 904                   | 1,111            | 
| 2011-07 | 6,298          | 4,057              | 2,232                  | 1,696        | 1,746              | 918                   | 1,113            | 
| 2011-08 | 5,015          | 3,849              | 2,296                  | 1,670        | 1,747              | 926                   | 1,178            | 
| 2011-09 | 4,532          | 3,304              | 2,078                  | 1,577        | 1,671              | 895                   | 1,191            | 
| 2011-10 | 5,305          | 3,342              | 1,991                  | 1,595        | 1,727              | 900                   | 1,246            | 
| 2011-11 | 5,057          | 3,200              | 1,882                  | 1,490        | 1,641              | 894                   | 1,267            | 
| 2011-12 | 5,244          | 3,231              | 1,778                  | 1,418        | 1,576              | 874                   | 1,288            | 
| 2012-01 | 6,923          | 3,748              | 1,950                  | 1,529        | 1,615              | 937                   | 1,351            | 
| 2012-02 | 5,127          | 3,478              | 1,956                  | 1,393        | 1,532              | 864                   | 1,380            | 
| 2012-03 | 10,794         | 4,934              | 2,487                  | 1,687        | 1,764              | 953                   | 1,489            | 
| 2012-04 | 8,347          | 4,712              | 2,492                  | 1,675        | 1,748              | 957                   | 1,480            | 
| 2012-05 | 6,814          | 4,531              | 2,514                  | 1,808        | 1,845              | 973                   | 1,531            | 
| 2012-06 | 7,144          | 4,650              | 2,406                  | 1,784        | 1,851              | 972                   | 1,587            | 
| 2012-07 | 5,957          | 4,742              | 2,654                  | 1,894        | 2,007              | 1,029                 | 1,679            | 
| 2012-08 | 6,597          | 4,997              | 2,676                  | 1,953        | 2,003              | 1,024                 | 1,688            | 
| 2012-09 | 7,748          | 4,948              | 2,653                  | 1,901        | 2,002              | 1,030                 | 1,766            | 
| 2012-10 | 6,769          | 4,786              | 2,557                  | 1,894        | 1,986              | 1,015                 | 1,791            | 
| 2012-11 | 6,398          | 4,274              | 2,445                  | 1,824        | 1,921              | 1,014                 | 1,814            | 
| 2012-12 | 5,133          | 3,928              | 2,293                  | 1,761        | 1,831              | 1,009                 | 1,837            | 
| 2013-01 | 7,121          | 4,622              | 2,410                  | 1,811        | 1,900              | 1,051                 | 1,873            | 
| 2013-02 | 5,727          | 4,300              | 2,125                  | 1,715        | 1,799              | 1,024                 | 1,858            | 
| 2013-03 | 5,767          | 4,398              | 2,342                  | 1,796        | 1,914              | 1,064                 | 1,909            | 
| 2013-04 | 6,149          | 4,654              | 2,480                  | 1,902        | 1,980              | 1,088                 | 2,002            | 
| 2013-05 | 9,249          | 5,942              | 3,019                  | 2,131        | 2,164              | 1,170                 | 2,102            | 
| 2013-06 | 7,207          | 5,090              | 2,738                  | 2,000        | 2,029              | 1,147                 | 2,104            | 
| 2013-07 | 6,754          | 5,060              | 2,743                  | 2,045        | 2,138              | 1,196                 | 2,142            | 
| 2013-08 | 7,110          | 5,358              | 2,836                  | 2,049        | 2,162              | 1,190                 | 2,216            | 
| 2013-09 | 6,914          | 5,017              | 2,704                  | 1,935        | 2,100              | 1,158                 | 2,199            | 
| 2013-10 | 6,805          | 4,732              | 2,577                  | 1,936        | 2,069              | 1,137                 | 2,243            | 
| 2013-11 | 7,744          | 5,016              | 2,506                  | 1,821        | 2,018              | 1,093                 | 2,253            | 
| 2013-12 | 7,069          | 4,554              | 2,466                  | 1,819        | 1,979              | 1,103                 | 2,290            | 
| 2014-01 | 10,474         | 5,523              | 2,667                  | 1,876        | 2,089              | 1,147                 | 2,358            | 
| 2014-02 | 8,609          | 5,007              | 2,507                  | 1,776        | 1,928              | 1,112                 | 2,282            | 
| 2014-03 | 9,852          | 5,843              | 2,902                  | 1,990        | 2,097              | 1,202                 | 2,428            | 
| 2014-04 | 8,980          | 5,727              | 3,040                  | 1,947        | 2,183              | 1,221                 | 2,503            | 
| 2014-05 | 8,524          | 5,653              | 3,011                  | 2,082        | 2,130              | 1,289                 | 2,533            | 
| 2014-06 | 8,128          | 5,549              | 2,895                  | 2,031        | 2,149              | 1,274                 | 2,536            | 
| 2014-07 | 7,841          | 5,489              | 2,956                  | 2,026        | 2,177              | 1,265                 | 2,570            | 
| 2014-08 | 10,678         | 6,542              | 3,136                  | 2,275        | 2,283              | 1,315                 | 2,680            | 
| 2014-09 | 7,813          | 5,755              | 2,906                  | 2,129        | 2,188              | 1,305                 | 2,669            | 
| 2014-10 | 8,637          | 5,880              | 2,944                  | 2,179        | 2,192              | 1,264                 | 2,719            | 
| 2014-11 | 8,677          | 5,528              | 2,810                  | 2,091        | 2,129              | 1,228                 | 2,736            | 
| 2014-12 | 7,803          | 5,243              | 2,700                  | 2,004        | 2,073              | 1,247                 | 2,725            | 
| 2015-01 | 7,754          | 5,448              | 2,822                  | 2,045        | 2,154              | 1,259                 | 2,785            | 
| 2015-02 | 8,074          | 5,399              | 2,740                  | 1,961        | 2,035              | 1,193                 | 2,819            | 
| 2015-03 | 8,727          | 5,906              | 2,986                  | 2,099        | 2,207              | 1,305                 | 2,916            | 
| 2015-04 | 12,073         | 6,436              | 3,275                  | 2,250        | 2,313              | 1,333                 | 2,987            | 
| 2015-05 | 11,473         | 7,085              | 3,439                  | 2,384        | 2,420              | 1,389                 | 3,045            | 
| 2015-06 | 9,020          | 6,372              | 3,274                  | 2,245        | 2,302              | 1,335                 | 3,058            | 
| 2015-07 | 8,509          | 6,219              | 3,148                  | 2,288        | 2,271              | 1,317                 | 3,078            | 
| 2015-08 | 8,673          | 6,178              | 3,466                  | 2,287        | 2,355              | 1,342                 | 3,152            | 
| 2015-09 | 8,657          | 5,888              | 3,297                  | 2,296        | 2,304              | 1,340                 | 3,123            | 
| 2015-10 | 9,030          | 6,012              | 3,209                  | 2,252        | 2,292              | 1,347                 | 3,154            | 
| 2015-11 | 10,085         | 6,162              | 3,074                  | 2,220        | 2,215              | 1,349                 | 3,182            | 
| 2015-12 | 6,622          | 5,226              | 2,942                  | 2,174        | 2,159              | 1,338                 | 3,197            | 
| 2016-01 | 7,427          | 5,423              | 3,079                  | 2,142        | 2,222              | 1,319                 | 3,255            | 
| 2016-02 | 8,039          | 5,498              | 3,004                  | 2,037        | 2,168              | 1,291                 | 3,207            | 
| 2016-03 | 8,345          | 6,013              | 3,151                  | 2,186        | 2,345              | 1,338                 | 3,304            | 
| 2016-04 | 18,168         | 8,059              | 3,386                  | 2,284        | 2,395              | 1,347                 | 3,355            | 
| 2016-05 | 15,342         | 7,994              | 3,434                  | 2,364        | 2,469              | 1,431                 | 3,416            | 
| 2016-06 | 20,842         | 8,778              | 3,418                  | 2,271        | 2,350              | 1,356                 | 3,405            | 
| 2016-07 | 19,674         | 9,674              | 3,640                  | 2,378        | 2,426              | 1,374                 | 3,477            | 
| 2016-08 | 21,178         | 10,744             | 3,897                  | 2,466        | 2,551              | 1,387                 | 3,572            | 
| 2016-09 | 20,198         | 9,735              | 3,590                  | 2,265        | 2,421              | 1,349                 | 3,476            | 
| 2016-10 | 21,665         | 10,713             | 3,907                  | 2,327        | 2,388              | 1,385                 | 3,511            | 
| 2016-11 | 20,509         | 10,072             | 3,784                  | 2,240        | 2,286              | 1,306                 | 3,454            | 
| 2016-12 | 21,993         | 9,817              | 3,643                  | 2,218        | 2,206              | 1,297                 | 3,439            | 
| 2017-01 | 29,112         | 10,767             | 3,794                  | 2,337        | 2,323              | 1,333                 | 3,546            | 
| 2017-02 | 21,188         | 10,971             | 3,818                  | 2,298        | 2,276              | 1,279                 | 3,537            | 
| 2017-03 | 21,713         | 12,390             | 4,252                  | 2,608        | 2,480              | 1,374                 | 3,678            | 
| 2017-04 | 21,009         | 12,577             | 4,658                  | 2,817        | 2,627              | 1,461                 | 3,776            | 
| 2017-05 | 19,656         | 12,602             | 4,816                  | 2,886        | 2,715              | 1,506                 | 3,846            | 
| 2017-06 | 16,268         | 11,403             | 4,646                  | 2,835        | 2,739              | 1,471                 | 3,839            | 
| 2017-07 | 16,253         | 11,820             | 4,814                  | 2,841        | 2,742              | 1,493                 | 3,951            | 
| 2017-08 | 19,186         | 12,845             | 5,169                  | 3,010        | 2,967              | 1,538                 | 4,031            | 

B. Contributions - Number of objects edited (ie. nodes, ways and relations)

| mois    |   1-2 Discover | 3-14 Rarely Active | 16-39 Regularly Active | 40-80 Active | 80-170 Very Active | 171-270 Highly Active | 271+ Mega Active | 
|---------|-----------|------------|------------|------------|------------|------------|------------| 
| 2010-01 | 416,230   | 2,528,198  | 3,532,886  | 4,768,493  | 14,007,687 | 3,246,714  | 8,399,351  | 
| 2010-02 | 643,184   | 1,898,333  | 9,034,526  | 6,993,552  | 11,849,002 | 4,130,971  | 10,696,544 | 
| 2010-03 | 240,692   | 2,213,054  | 3,369,634  | 5,036,636  | 10,506,316 | 5,052,671  | 11,951,028 | 
| 2010-04 | 277,396   | 2,428,657  | 4,402,336  | 5,267,345  | 12,721,663 | 9,004,668  | 14,109,493 | 
| 2010-05 | 981,611   | 2,331,615  | 3,727,045  | 7,698,182  | 8,139,044  | 19,860,653 | 15,863,617 | 
| 2010-06 | 1,458,762 | 2,941,904  | 3,010,118  | 5,747,144  | 12,094,521 | 10,099,957 | 15,082,878 | 
| 2010-07 | 387,850   | 4,372,398  | 4,409,107  | 8,856,485  | 13,812,178 | 15,354,933 | 12,169,979 | 
| 2010-08 | 290,450   | 2,214,470  | 7,337,503  | 7,185,642  | 15,064,155 | 12,121,463 | 19,184,820 | 
| 2010-09 | 212,474   | 3,129,937  | 5,570,614  | 4,986,993  | 10,061,985 | 10,664,125 | 19,667,406 | 
| 2010-10 | 187,034   | 2,746,330  | 7,584,953  | 6,616,411  | 7,200,340  | 7,907,010  | 21,615,787 | 
| 2010-11 | 391,261   | 2,447,033  | 8,312,164  | 4,807,599  | 7,430,765  | 9,222,475  | 20,650,163 | 
| 2010-12 | 358,676   | 3,517,031  | 5,571,994  | 7,588,123  | 14,886,805 | 9,521,949  | 35,239,873 | 
| 2011-01 | 355,365   | 3,214,919  | 11,392,805 | 7,958,452  | 9,172,962  | 10,116,030 | 28,464,039 | 
| 2011-02 | 269,023   | 2,495,061  | 8,016,127  | 12,704,820 | 9,511,108  | 7,677,865  | 22,558,467 | 
| 2011-03 | 377,815   | 3,230,530  | 8,512,672  | 8,197,510  | 13,385,398 | 6,430,605  | 22,600,600 | 
| 2011-04 | 424,873   | 3,339,554  | 6,203,077  | 7,007,185  | 9,644,064  | 7,152,478  | 19,924,802 | 
| 2011-05 | 442,721   | 2,535,839  | 5,299,626  | 5,843,984  | 7,621,174  | 7,777,921  | 22,075,834 | 
| 2011-06 | 559,959   | 5,395,824  | 5,213,510  | 6,507,895  | 9,640,267  | 7,310,251  | 16,420,438 | 
| 2011-07 | 415,039   | 4,733,141  | 5,019,567  | 6,101,879  | 7,766,266  | 5,530,132  | 19,165,902 | 
| 2011-08 | 454,635   | 3,107,973  | 9,805,029  | 5,748,300  | 11,588,951 | 5,816,898  | 20,983,927 | 
| 2011-09 | 299,366   | 2,135,887  | 3,729,397  | 8,782,764  | 9,284,186  | 5,103,539  | 20,751,094 | 
| 2011-10 | 459,855   | 2,761,601  | 2,747,482  | 4,272,157  | 13,159,492 | 5,356,807  | 22,303,240 | 
| 2011-11 | 543,788   | 2,780,812  | 4,282,577  | 7,903,909  | 7,313,182  | 8,244,090  | 17,997,782 | 
| 2011-12 | 339,047   | 2,381,567  | 6,320,801  | 9,196,157  | 9,339,104  | 12,675,598 | 19,928,344 | 
| 2012-01 | 483,114   | 3,027,784  | 8,190,251  | 6,066,199  | 7,811,766  | 8,835,387  | 23,143,152 | 
| 2012-02 | 429,967   | 3,237,349  | 5,598,149  | 6,903,133  | 9,664,722  | 8,362,799  | 20,312,593 | 
| 2012-03 | 859,095   | 4,632,646  | 10,132,033 | 8,595,398  | 9,420,007  | 7,842,928  | 20,472,592 | 
| 2012-04 | 617,268   | 4,695,662  | 8,338,496  | 5,507,739  | 6,369,454  | 5,566,373  | 19,107,215 | 
| 2012-05 | 898,156   | 4,032,915  | 9,839,587  | 5,827,728  | 6,264,119  | 5,575,478  | 17,419,907 | 
| 2012-06 | 579,009   | 5,914,136  | 6,096,875  | 5,756,384  | 6,298,419  | 8,514,333  | 18,004,420 | 
| 2012-07 | 670,297   | 4,537,851  | 26,972,863 | 6,551,931  | 7,753,416  | 5,466,160  | 20,962,942 | 
| 2012-08 | 703,557   | 5,469,480  | 11,024,358 | 10,195,080 | 8,537,360  | 5,034,868  | 22,297,919 | 
| 2012-09 | 792,962   | 6,419,639  | 12,764,971 | 9,276,928  | 9,906,542  | 5,713,854  | 21,408,682 | 
| 2012-10 | 468,024   | 5,289,603  | 12,597,600 | 12,640,717 | 11,085,011 | 5,624,441  | 19,532,399 | 
| 2012-11 | 867,694   | 4,778,893  | 9,612,515  | 8,598,413  | 16,582,847 | 6,802,996  | 22,952,109 | 
| 2012-12 | 1,086,755 | 7,623,614  | 8,642,694  | 5,172,224  | 14,630,137 | 7,042,037  | 23,591,672 | 
| 2013-01 | 991,463   | 5,680,926  | 7,217,159  | 7,762,338  | 11,649,045 | 7,077,476  | 22,211,184 | 
| 2013-02 | 816,336   | 4,257,669  | 6,116,365  | 6,553,127  | 10,320,148 | 7,670,753  | 20,782,846 | 
| 2013-03 | 832,492   | 16,022,527 | 11,483,533 | 5,846,147  | 9,602,748  | 9,594,621  | 23,826,828 | 
| 2013-04 | 1,319,778 | 4,803,256  | 14,879,823 | 6,809,512  | 8,685,037  | 7,629,309  | 20,537,574 | 
| 2013-05 | 857,653   | 5,881,510  | 7,904,229  | 6,076,359  | 8,076,124  | 6,830,190  | 22,714,884 | 
| 2013-06 | 1,300,398 | 6,161,117  | 7,162,363  | 7,147,676  | 7,518,655  | 7,442,599  | 19,295,396 | 
| 2013-07 | 643,333   | 3,448,170  | 3,783,504  | 6,380,785  | 8,408,533  | 7,588,650  | 19,940,919 | 
| 2013-08 | 862,504   | 5,168,889  | 7,272,345  | 6,055,899  | 7,010,697  | 6,051,974  | 19,145,058 | 
| 2013-09 | 587,674   | 5,978,024  | 6,650,715  | 5,216,928  | 6,666,579  | 7,196,485  | 20,660,165 | 
| 2013-10 | 1,168,233 | 3,650,847  | 4,404,104  | 7,079,555  | 7,181,113  | 6,639,118  | 22,827,349 | 
| 2013-11 | 2,078,349 | 6,479,704  | 4,561,051  | 5,091,270  | 8,214,720  | 7,131,497  | 25,854,223 | 
| 2013-12 | 775,630   | 5,214,659  | 6,784,986  | 5,786,819  | 8,622,836  | 5,944,582  | 28,682,966 | 
| 2014-01 | 806,613   | 4,832,954  | 5,476,279  | 7,897,489  | 7,594,283  | 6,059,594  | 30,868,322 | 
| 2014-02 | 648,506   | 8,319,347  | 5,820,929  | 8,059,039  | 10,420,613 | 4,866,829  | 28,643,320 | 
| 2014-03 | 823,006   | 13,385,879 | 16,496,885 | 10,565,562 | 8,325,137  | 5,674,538  | 32,064,231 | 
| 2014-04 | 818,363   | 4,870,352  | 28,117,481 | 15,144,335 | 10,814,788 | 5,824,246  | 33,223,334 | 
| 2014-05 | 883,792   | 5,493,204  | 16,316,896 | 18,433,713 | 8,371,557  | 6,831,903  | 27,787,047 | 
| 2014-06 | 714,926   | 4,092,376  | 7,807,634  | 9,093,605  | 9,310,075  | 7,305,802  | 24,573,255 | 
| 2014-07 | 746,559   | 3,269,998  | 5,364,113  | 8,650,910  | 7,747,486  | 5,413,467  | 30,857,099 | 
| 2014-08 | 1,114,554 | 4,229,021  | 9,759,386  | 8,530,780  | 10,932,390 | 6,500,796  | 38,773,281 | 
| 2014-09 | 662,554   | 3,243,522  | 7,398,579  | 6,428,786  | 7,785,433  | 6,366,509  | 32,734,580 | 
| 2014-10 | 847,840   | 4,750,486  | 6,758,698  | 6,333,064  | 7,666,966  | 6,772,124  | 33,952,044 | 
| 2014-11 | 1,355,141 | 4,118,296  | 5,979,710  | 7,090,930  | 9,401,209  | 6,588,196  | 32,390,052 | 
| 2014-12 | 838,375   | 3,410,903  | 7,163,761  | 5,851,566  | 10,155,233 | 6,530,096  | 30,979,583 | 
| 2015-01 | 1,319,603 | 11,218,880 | 4,646,795  | 5,965,580  | 11,893,687 | 7,635,045  | 33,955,538 | 
| 2015-02 | 1,612,278 | 4,450,311  | 8,826,795  | 4,358,698  | 7,277,802  | 6,767,434  | 36,697,941 | 
| 2015-03 | 1,278,294 | 4,058,219  | 5,402,853  | 5,580,149  | 9,340,284  | 8,818,076  | 37,771,528 | 
| 2015-04 | 2,387,746 | 6,389,282  | 13,130,393 | 5,974,810  | 9,582,580  | 5,773,165  | 34,045,508 | 
| 2015-05 | 2,750,335 | 9,593,352  | 15,940,199 | 11,041,755 | 10,164,898 | 6,209,720  | 35,320,984 | 
| 2015-06 | 1,232,398 | 4,057,783  | 13,471,914 | 14,854,420 | 8,248,394  | 5,810,057  | 31,803,498 | 
| 2015-07 | 818,359   | 4,496,977  | 4,839,969  | 12,472,649 | 5,948,452  | 5,723,871  | 27,747,888 | 
| 2015-08 | 855,819   | 6,372,189  | 8,058,514  | 7,024,270  | 9,113,683  | 4,995,158  | 27,452,501 | 
| 2015-09 | 1,133,331 | 3,998,215  | 6,219,653  | 5,573,460  | 6,752,261  | 4,290,584  | 27,393,161 | 
| 2015-10 | 1,475,975 | 7,497,721  | 4,964,989  | 5,064,438  | 7,040,292  | 4,783,266  | 30,136,444 | 
| 2015-11 | 2,759,732 | 10,602,405 | 8,781,851  | 6,290,041  | 8,442,673  | 5,730,811  | 36,347,067 | 
| 2015-12 | 1,279,846 | 6,683,262  | 8,043,272  | 5,702,327  | 8,049,498  | 5,884,553  | 40,621,314 | 
| 2016-01 | 876,621   | 4,799,502  | 11,088,974 | 8,348,029  | 9,501,293  | 7,265,164  | 40,399,479 | 
| 2016-02 | 1,289,253 | 4,250,290  | 5,849,686  | 8,141,429  | 9,969,486  | 5,885,588  | 36,588,928 | 
| 2016-03 | 1,437,872 | 6,311,012  | 6,924,517  | 6,836,824  | 9,594,612  | 5,941,512  | 36,934,940 | 
| 2016-04 | 3,125,066 | 10,369,685 | 6,565,909  | 8,831,001  | 11,052,284 | 5,477,491  | 41,706,859 | 
| 2016-05 | 1,849,255 | 5,299,915  | 6,007,856  | 7,138,723  | 15,099,232 | 5,501,475  | 35,169,405 | 
| 2016-06 | 2,688,767 | 5,803,073  | 9,964,360  | 7,293,799  | 7,585,815  | 5,074,932  | 34,072,270 | 
| 2016-07 | 2,009,455 | 10,866,351 | 6,624,982  | 8,983,474  | 7,649,809  | 4,891,833  | 32,942,318 | 
| 2016-08 | 963,007   | 8,154,240  | 5,104,110  | 4,432,837  | 7,510,361  | 5,211,993  | 32,789,871 | 
| 2016-09 | 1,348,589 | 4,686,902  | 9,639,661  | 3,908,318  | 5,607,526  | 4,922,475  | 26,143,255 | 
| 2016-10 | 2,648,297 | 6,874,526  | 5,741,076  | 5,498,617  | 6,396,416  | 6,530,727  | 35,915,857 | 
| 2016-11 | 3,746,321 | 7,620,011  | 8,580,531  | 7,368,972  | 9,036,053  | 3,696,910  | 34,830,086 | 
| 2016-12 | 1,421,832 | 8,337,695  | 6,876,327  | 7,023,753  | 7,345,004  | 4,816,864  | 37,412,724 | 
| 2017-01 | 2,796,068 | 6,662,206  | 14,410,599 | 8,825,281  | 8,903,549  | 5,796,560  | 37,675,635 | 
| 2017-02 | 2,268,460 | 8,907,117  | 12,185,500 | 9,817,535  | 8,119,999  | 4,267,100  | 31,452,233 | 
| 2017-03 | 2,667,575 | 6,879,911  | 10,537,120 | 7,741,930  | 8,115,424  | 5,531,869  | 38,587,293 | 
| 2017-04 | 2,308,169 | 6,596,500  | 8,997,216  | 9,080,273  | 11,021,939 | 5,410,649  | 39,373,561 | 
| 2017-05 | 2,086,447 | 4,538,803  | 9,571,679  | 6,918,534  | 13,229,920 | 7,071,602  | 37,619,229 | 
| 2017-06 | 1,791,230 | 6,226,735  | 6,604,307  | 8,516,839  | 11,933,315 | 5,704,412  | 36,233,573 | 
| 2017-07 | 1,474,428 | 7,021,353  | 8,201,878  | 10,880,995 | 14,214,147 | 5,352,118  | 35,118,805 | 
| 2017-08 | 3,099,954 | 8,581,737  | 11,012,688 | 11,095,911 | 12,893,903 | 7,685,962  | 32,747,397 | 


Table 4 Contributors VS Percent of Contribution by Month, group by first year of participation to OSM
(ie. the first year the contributor committed his first edit editing OSM objects)
This data is used for graph 4

A. Contributors

|       |  Year the contributors started to participate to OpenStreetMap       | 
| Month | 2008- | 2009 | 2010 | 2011 | 2012 | 2013 | 2014 | 2015 | 2016 | 2017 | 
|---------|-------|-------|-------|-------|--------|--------|--------|--------|--------|--------| 
| 2010-01 | 3,262 | 4,448 | 4,734 |       |        |        |        |        |        |        | 
| 2010-02 | 2,949 | 3,595 | 5,087 |       |        |        |        |        |        |        | 
| 2010-03 | 3,149 | 3,774 | 5,899 |       |        |        |        |        |        |        | 
| 2010-04 | 3,471 | 3,981 | 6,193 |       |        |        |        |        |        |        | 
| 2010-05 | 3,320 | 3,778 | 6,214 |       |        |        |        |        |        |        | 
| 2010-06 | 3,175 | 3,492 | 6,489 |       |        |        |        |        |        |        | 
| 2010-07 | 3,150 | 3,411 | 6,137 |       |        |        |        |        |        |        | 
| 2010-08 | 3,279 | 3,624 | 7,535 |       |        |        |        |        |        |        | 
| 2010-09 | 3,040 | 3,266 | 7,154 |       |        |        |        |        |        |        | 
| 2010-10 | 2,789 | 3,061 | 7,039 |       |        |        |        |        |        |        | 
| 2010-11 | 2,609 | 2,892 | 7,431 |       |        |        |        |        |        |        | 
| 2010-12 | 2,848 | 2,813 | 7,614 |       |        |        |        |        |        |        | 
| 2011-01 | 2,776 | 2,992 | 3,810 | 4,326 |        |        |        |        |        |        | 
| 2011-02 | 2,629 | 2,704 | 3,254 | 5,285 |        |        |        |        |        |        | 
| 2011-03 | 2,682 | 2,797 | 3,252 | 5,979 |        |        |        |        |        |        | 
| 2011-04 | 2,962 | 3,077 | 3,397 | 7,727 |        |        |        |        |        |        | 
| 2011-05 | 2,896 | 3,130 | 3,350 | 7,792 |        |        |        |        |        |        | 
| 2011-06 | 3,257 | 3,810 | 3,370 | 7,851 |        |        |        |        |        |        | 
| 2011-07 | 2,679 | 2,978 | 3,022 | 9,381 |        |        |        |        |        |        | 
| 2011-08 | 2,634 | 2,844 | 2,823 | 8,380 |        |        |        |        |        |        | 
| 2011-09 | 2,439 | 2,579 | 2,537 | 7,693 |        |        |        |        |        |        | 
| 2011-10 | 2,436 | 2,564 | 2,480 | 8,626 |        |        |        |        |        |        | 
| 2011-11 | 2,311 | 2,486 | 2,371 | 8,263 |        |        |        |        |        |        | 
| 2011-12 | 2,344 | 2,422 | 2,272 | 8,371 |        |        |        |        |        |        | 
| 2012-01 | 2,502 | 2,488 | 2,379 | 3,695 | 6,989  |        |        |        |        |        | 
| 2012-02 | 2,167 | 2,226 | 2,171 | 3,058 | 6,108  |        |        |        |        |        | 
| 2012-03 | 2,627 | 2,869 | 2,670 | 3,477 | 12,465 |        |        |        |        |        | 
| 2012-04 | 2,391 | 2,638 | 2,554 | 3,147 | 10,681 |        |        |        |        |        | 
| 2012-05 | 2,420 | 2,645 | 2,525 | 3,083 | 9,343  |        |        |        |        |        | 
| 2012-06 | 2,459 | 2,513 | 2,370 | 2,902 | 10,150 |        |        |        |        |        | 
| 2012-07 | 2,632 | 2,599 | 2,446 | 2,966 | 9,319  |        |        |        |        |        | 
| 2012-08 | 2,543 | 2,622 | 2,483 | 2,901 | 10,389 |        |        |        |        |        | 
| 2012-09 | 2,446 | 2,528 | 2,473 | 2,785 | 11,816 |        |        |        |        |        | 
| 2012-10 | 2,324 | 2,376 | 2,282 | 2,632 | 11,184 |        |        |        |        |        | 
| 2012-11 | 2,205 | 2,228 | 2,104 | 2,420 | 10,733 |        |        |        |        |        | 
| 2012-12 | 2,076 | 2,017 | 1,928 | 2,196 | 9,575  |        |        |        |        |        | 
| 2013-01 | 2,163 | 2,175 | 2,067 | 2,311 | 4,821  | 7,251  |        |        |        |        | 
| 2013-02 | 1,979 | 1,948 | 1,863 | 2,062 | 3,787  | 6,909  |        |        |        |        | 
| 2013-03 | 1,964 | 2,020 | 1,920 | 2,160 | 3,643  | 7,483  |        |        |        |        | 
| 2013-04 | 2,124 | 2,200 | 1,951 | 2,228 | 3,583  | 8,169  |        |        |        |        | 
| 2013-05 | 2,600 | 2,681 | 2,299 | 2,601 | 4,045  | 11,551 |        |        |        |        | 
| 2013-06 | 2,233 | 2,249 | 1,947 | 2,284 | 3,580  | 10,022 |        |        |        |        | 
| 2013-07 | 2,277 | 2,250 | 2,049 | 2,253 | 3,417  | 9,832  |        |        |        |        | 
| 2013-08 | 2,354 | 2,343 | 2,031 | 2,299 | 3,387  | 10,507 |        |        |        |        | 
| 2013-09 | 2,084 | 2,060 | 1,872 | 2,139 | 3,104  | 10,768 |        |        |        |        | 
| 2013-10 | 2,011 | 1,983 | 1,803 | 1,987 | 2,903  | 10,812 |        |        |        |        | 
| 2013-11 | 1,927 | 1,872 | 1,728 | 1,911 | 2,849  | 12,164 |        |        |        |        | 
| 2013-12 | 1,844 | 1,825 | 1,643 | 1,861 | 2,733  | 11,374 |        |        |        |        | 
| 2014-01 | 2,029 | 2,017 | 1,821 | 1,979 | 2,976  | 4,830  | 10,482 |        |        |        | 
| 2014-02 | 1,797 | 1,813 | 1,644 | 1,797 | 2,695  | 3,766  | 9,709  |        |        |        | 
| 2014-03 | 2,006 | 2,000 | 1,842 | 1,997 | 2,840  | 3,849  | 11,780 |        |        |        | 
| 2014-04 | 1,969 | 1,978 | 1,836 | 1,934 | 2,798  | 3,698  | 11,388 |        |        |        | 
| 2014-05 | 1,953 | 2,014 | 1,844 | 2,011 | 2,727  | 3,513  | 11,160 |        |        |        | 
| 2014-06 | 1,913 | 1,984 | 1,714 | 1,960 | 2,630  | 3,286  | 11,075 |        |        |        | 
| 2014-07 | 1,942 | 1,889 | 1,765 | 1,902 | 2,713  | 3,202  | 10,911 |        |        |        | 
| 2014-08 | 2,106 | 2,103 | 1,925 | 2,080 | 2,842  | 3,357  | 14,496 |        |        |        | 
| 2014-09 | 1,916 | 1,838 | 1,718 | 1,862 | 2,494  | 3,048  | 11,889 |        |        |        | 
| 2014-10 | 1,910 | 1,816 | 1,699 | 1,760 | 2,477  | 2,968  | 13,185 |        |        |        | 
| 2014-11 | 1,776 | 1,735 | 1,581 | 1,647 | 2,301  | 2,825  | 13,334 |        |        |        | 
| 2014-12 | 1,692 | 1,716 | 1,557 | 1,616 | 2,206  | 2,624  | 12,384 |        |        |        | 
| 2015-01 | 1,765 | 1,725 | 1,530 | 1,649 | 2,268  | 2,703  | 4,957  | 7,670  |        |        | 
| 2015-02 | 1,743 | 1,611 | 1,507 | 1,607 | 2,171  | 2,601  | 4,129  | 8,852  |        |        | 
| 2015-03 | 1,803 | 1,744 | 1,559 | 1,670 | 2,338  | 2,737  | 4,028  | 10,267 |        |        | 
| 2015-04 | 1,878 | 1,835 | 1,669 | 1,800 | 2,413  | 2,824  | 3,972  | 14,276 |        |        | 
| 2015-05 | 1,979 | 1,911 | 1,818 | 1,821 | 2,439  | 2,765  | 4,004  | 14,498 |        |        | 
| 2015-06 | 1,858 | 1,785 | 1,716 | 1,697 | 2,314  | 2,599  | 3,634  | 12,003 |        |        | 
| 2015-07 | 1,786 | 1,810 | 1,606 | 1,700 | 2,266  | 2,519  | 3,409  | 11,734 |        |        | 
| 2015-08 | 1,866 | 1,848 | 1,655 | 1,737 | 2,313  | 2,515  | 3,389  | 12,130 |        |        | 
| 2015-09 | 1,816 | 1,734 | 1,577 | 1,623 | 2,180  | 2,408  | 3,182  | 12,385 |        |        | 
| 2015-10 | 1,740 | 1,661 | 1,526 | 1,637 | 2,152  | 2,395  | 3,076  | 13,109 |        |        | 
| 2015-11 | 1,655 | 1,608 | 1,432 | 1,531 | 2,067  | 2,226  | 3,012  | 14,756 |        |        | 
| 2015-12 | 1,590 | 1,552 | 1,430 | 1,500 | 1,931  | 2,165  | 2,707  | 10,783 |        |        | 
| 2016-01 | 1,654 | 1,555 | 1,434 | 1,530 | 1,922  | 2,123  | 2,699  | 4,649  | 7,301  |        | 
| 2016-02 | 1,544 | 1,504 | 1,381 | 1,436 | 1,848  | 2,056  | 2,615  | 4,021  | 8,839  |        | 
| 2016-03 | 1,626 | 1,571 | 1,420 | 1,489 | 1,969  | 2,136  | 2,725  | 3,954  | 9,792  |        | 
| 2016-04 | 1,676 | 1,676 | 1,460 | 1,591 | 2,057  | 2,291  | 2,829  | 4,248  | 21,166 |        | 
| 2016-05 | 1,692 | 1,683 | 1,539 | 1,591 | 2,123  | 2,247  | 2,748  | 3,781  | 19,046 |        | 
| 2016-06 | 1,665 | 1,590 | 1,422 | 1,574 | 1,993  | 2,152  | 2,676  | 3,538  | 25,810 |        | 
| 2016-07 | 1,645 | 1,677 | 1,546 | 1,606 | 2,040  | 2,185  | 2,757  | 3,421  | 25,766 |        | 
| 2016-08 | 1,735 | 1,755 | 1,556 | 1,716 | 2,167  | 2,283  | 2,790  | 3,418  | 28,375 |        | 
| 2016-09 | 1,556 | 1,602 | 1,406 | 1,470 | 1,952  | 2,050  | 2,383  | 3,172  | 27,443 |        | 
| 2016-10 | 1,568 | 1,608 | 1,415 | 1,500 | 1,931  | 2,057  | 2,481  | 3,268  | 30,068 |        | 
| 2016-11 | 1,478 | 1,458 | 1,249 | 1,384 | 1,812  | 1,945  | 2,296  | 3,030  | 28,999 |        | 
| 2016-12 | 1,433 | 1,369 | 1,179 | 1,315 | 1,747  | 1,790  | 2,177  | 2,632  | 30,971 |        | 
| 2017-01 | 1,491 | 1,468 | 1,279 | 1,351 | 1,760  | 1,866  | 2,248  | 2,719  | 10,615 | 28,415 | 
| 2017-02 | 1,404 | 1,389 | 1,262 | 1,317 | 1,671  | 1,730  | 2,140  | 2,666  | 8,341  | 23,447 | 
| 2017-03 | 1,557 | 1,537 | 1,361 | 1,384 | 1,806  | 1,913  | 2,359  | 2,870  | 8,534  | 25,174 | 
| 2017-04 | 1,744 | 1,652 | 1,502 | 1,515 | 1,977  | 2,038  | 2,490  | 2,868  | 7,768  | 25,371 | 
| 2017-05 | 1,761 | 1,758 | 1,518 | 1,569 | 2,018  | 2,041  | 2,516  | 2,909  | 7,292  | 24,645 | 
| 2017-06 | 1,681 | 1,659 | 1,436 | 1,507 | 1,869  | 1,949  | 2,336  | 2,693  | 6,530  | 21,541 | 
| 2017-07 | 1,754 | 1,701 | 1,474 | 1,552 | 1,906  | 1,963  | 2,351  | 2,696  | 6,367  | 22,150 | 
| 2017-08 | 1,783 | 1,785 | 1,538 | 1,583 | 2,027  | 2,024  | 2,459  | 2,775  | 6,337  | 26,435 | 

B. Contributions

|       |  Year the contributors started to participate to OpenStreetMap       | 
| Month | 2008- | 2009 | 2010 | 2011 | 2012 | 2013 | 2014 | 2015 | 2016 | 2017 | 
|---------|------------|------------|------------|------------|------------|------------|------------|------------|------------|------------| 
| 2010-01 | 14,049,741 | 20,628,867 | 2,220,951  |            |            |            |            |            |            |            | 
| 2010-02 | 15,977,954 | 20,396,610 | 8,871,548  |            |            |            |            |            |            |            | 
| 2010-03 | 17,132,698 | 16,496,853 | 4,740,480  |            |            |            |            |            |            |            | 
| 2010-04 | 24,164,431 | 19,044,003 | 5,003,124  |            |            |            |            |            |            |            | 
| 2010-05 | 20,645,228 | 30,522,940 | 7,433,599  |            |            |            |            |            |            |            | 
| 2010-06 | 24,707,985 | 17,665,286 | 8,062,013  |            |            |            |            |            |            |            | 
| 2010-07 | 23,443,242 | 23,380,272 | 12,539,416 |            |            |            |            |            |            |            | 
| 2010-08 | 26,026,151 | 24,448,016 | 12,924,336 |            |            |            |            |            |            |            | 
| 2010-09 | 21,740,719 | 18,615,866 | 13,936,949 |            |            |            |            |            |            |            | 
| 2010-10 | 20,608,203 | 16,316,184 | 16,933,478 |            |            |            |            |            |            |            | 
| 2010-11 | 18,258,142 | 18,193,673 | 16,809,645 |            |            |            |            |            |            |            | 
| 2010-12 | 29,614,347 | 28,070,520 | 18,999,584 |            |            |            |            |            |            |            | 
| 2011-01 | 28,496,917 | 19,611,632 | 19,066,778 | 3,499,245  |            |            |            |            |            |            | 
| 2011-02 | 19,300,267 | 17,645,190 | 19,038,660 | 7,248,354  |            |            |            |            |            |            | 
| 2011-03 | 18,437,805 | 17,891,774 | 17,136,406 | 9,269,145  |            |            |            |            |            |            | 
| 2011-04 | 15,022,530 | 16,902,950 | 13,723,050 | 8,047,503  |            |            |            |            |            |            | 
| 2011-05 | 16,718,433 | 16,686,113 | 10,460,940 | 7,731,613  |            |            |            |            |            |            | 
| 2011-06 | 14,475,613 | 12,620,745 | 12,505,910 | 11,445,876 |            |            |            |            |            |            | 
| 2011-07 | 13,565,187 | 12,789,273 | 11,070,834 | 11,306,632 |            |            |            |            |            |            | 
| 2011-08 | 14,575,802 | 19,095,420 | 12,779,557 | 11,054,934 |            |            |            |            |            |            | 
| 2011-09 | 13,068,653 | 17,286,817 | 8,650,699  | 11,080,064 |            |            |            |            |            |            | 
| 2011-10 | 15,735,796 | 11,912,688 | 7,409,115  | 16,003,035 |            |            |            |            |            |            | 
| 2011-11 | 11,690,767 | 10,045,491 | 11,094,377 | 16,235,505 |            |            |            |            |            |            | 
| 2011-12 | 11,964,389 | 11,345,328 | 12,729,229 | 24,141,672 |            |            |            |            |            |            | 
| 2012-01 | 13,569,525 | 14,637,368 | 10,475,815 | 16,302,897 | 2,572,048  |            |            |            |            |            | 
| 2012-02 | 11,732,893 | 14,273,657 | 10,677,648 | 12,992,054 | 4,832,460  |            |            |            |            |            | 
| 2012-03 | 10,983,623 | 11,524,091 | 14,387,301 | 12,884,847 | 12,174,837 |            |            |            |            |            | 
| 2012-04 | 9,717,650  | 10,392,629 | 9,405,405  | 9,638,627  | 11,047,896 |            |            |            |            |            | 
| 2012-05 | 9,484,421  | 9,463,337  | 9,470,346  | 8,551,433  | 12,888,353 |            |            |            |            |            | 
| 2012-06 | 9,260,934  | 8,710,897  | 9,336,536  | 11,085,727 | 12,769,482 |            |            |            |            |            | 
| 2012-07 | 9,906,989  | 10,003,505 | 9,454,117  | 10,305,310 | 33,245,539 |            |            |            |            |            | 
| 2012-08 | 10,146,030 | 10,186,522 | 10,392,244 | 11,233,959 | 21,303,867 |            |            |            |            |            | 
| 2012-09 | 10,003,626 | 9,856,591  | 9,099,127  | 11,282,684 | 26,041,550 |            |            |            |            |            | 
| 2012-10 | 8,505,802  | 9,048,195  | 9,075,043  | 10,872,568 | 29,736,187 |            |            |            |            |            | 
| 2012-11 | 9,747,329  | 10,067,102 | 9,235,024  | 12,461,109 | 28,684,903 |            |            |            |            |            | 
| 2012-12 | 10,081,777 | 9,479,589  | 7,947,123  | 12,769,083 | 27,511,561 |            |            |            |            |            | 
| 2013-01 | 9,693,401  | 8,608,104  | 9,109,758  | 11,258,350 | 18,614,646 | 5,305,332  |            |            |            |            | 
| 2013-02 | 8,649,573  | 7,617,670  | 7,975,741  | 9,350,112  | 17,181,054 | 5,743,094  |            |            |            |            | 
| 2013-03 | 9,973,945  | 8,833,615  | 10,234,460 | 9,386,007  | 27,919,269 | 10,861,600 |            |            |            |            | 
| 2013-04 | 7,717,098  | 7,837,449  | 7,124,458  | 10,906,646 | 19,281,690 | 11,796,948 |            |            |            |            | 
| 2013-05 | 8,224,504  | 9,538,311  | 5,894,971  | 9,316,313  | 13,220,228 | 12,146,622 |            |            |            |            | 
| 2013-06 | 7,410,188  | 7,228,343  | 6,850,870  | 7,429,107  | 12,107,799 | 15,001,897 |            |            |            |            | 
| 2013-07 | 6,604,799  | 8,187,558  | 6,267,510  | 8,567,719  | 11,151,944 | 9,414,364  |            |            |            |            | 
| 2013-08 | 6,249,574  | 7,750,972  | 5,497,925  | 7,937,071  | 10,504,319 | 13,627,505 |            |            |            |            | 
| 2013-09 | 6,081,524  | 7,254,608  | 6,363,099  | 7,085,887  | 12,919,741 | 13,251,711 |            |            |            |            | 
| 2013-10 | 7,275,965  | 7,063,233  | 6,537,944  | 7,766,536  | 10,330,893 | 13,975,748 |            |            |            |            | 
| 2013-11 | 8,167,134  | 8,919,780  | 6,307,541  | 7,696,318  | 10,778,921 | 17,541,120 |            |            |            |            | 
| 2013-12 | 7,887,353  | 10,621,055 | 6,119,052  | 7,742,434  | 11,806,949 | 17,635,635 |            |            |            |            | 
| 2014-01 | 7,331,339  | 9,791,147  | 6,809,010  | 7,362,766  | 13,714,004 | 13,988,489 | 4,538,779  |            |            |            | 
| 2014-02 | 6,917,308  | 6,919,395  | 5,790,302  | 7,363,323  | 13,567,095 | 14,862,567 | 11,358,593 |            |            |            | 
| 2014-03 | 9,000,433  | 7,801,617  | 6,987,210  | 7,577,215  | 14,208,607 | 12,963,408 | 28,796,748 |            |            |            | 
| 2014-04 | 8,178,169  | 6,824,242  | 7,293,770  | 6,865,613  | 16,279,901 | 11,086,614 | 42,284,590 |            |            |            | 
| 2014-05 | 7,409,878  | 6,552,926  | 8,358,071  | 7,570,477  | 11,042,030 | 10,479,493 | 32,705,237 |            |            |            | 
| 2014-06 | 6,234,902  | 5,302,725  | 7,519,615  | 7,823,226  | 10,579,900 | 8,026,617  | 17,410,688 |            |            |            | 
| 2014-07 | 6,978,293  | 5,702,546  | 6,030,110  | 6,600,939  | 15,430,368 | 7,648,799  | 13,658,577 |            |            |            | 
| 2014-08 | 9,704,100  | 6,833,943  | 10,417,728 | 7,511,828  | 16,380,455 | 11,197,543 | 17,794,611 |            |            |            | 
| 2014-09 | 6,897,873  | 5,881,523  | 8,389,471  | 7,410,098  | 12,905,308 | 9,604,838  | 13,530,852 |            |            |            | 
| 2014-10 | 8,279,621  | 6,148,482  | 6,492,573  | 6,814,483  | 14,759,343 | 9,351,748  | 15,234,972 |            |            |            | 
| 2014-11 | 7,778,319  | 7,274,684  | 6,311,128  | 6,619,489  | 12,901,275 | 10,417,953 | 15,620,686 |            |            |            | 
| 2014-12 | 8,065,719  | 7,409,606  | 6,436,295  | 6,639,625  | 9,890,708  | 8,685,479  | 17,802,085 |            |            |            | 
| 2015-01 | 8,553,747  | 7,386,279  | 6,365,603  | 6,749,408  | 10,122,253 | 9,415,289  | 21,047,691 | 6,994,858  |            |            | 
| 2015-02 | 8,730,933  | 6,758,057  | 8,684,984  | 6,514,599  | 10,297,376 | 7,129,702  | 14,389,688 | 7,485,920  |            |            | 
| 2015-03 | 7,082,495  | 9,682,671  | 7,460,194  | 8,224,039  | 11,326,785 | 9,360,770  | 11,360,284 | 7,752,165  |            |            | 
| 2015-04 | 6,049,500  | 7,019,507  | 6,918,036  | 6,776,612  | 12,578,172 | 9,926,173  | 13,117,585 | 14,897,899 |            |            | 
| 2015-05 | 6,753,979  | 7,695,007  | 8,141,622  | 7,059,323  | 11,413,093 | 8,210,053  | 15,519,574 | 26,228,592 |            |            | 
| 2015-06 | 6,652,121  | 6,551,359  | 5,409,979  | 5,572,007  | 10,392,907 | 8,350,892  | 10,244,360 | 26,304,839 |            |            | 
| 2015-07 | 5,013,502  | 5,756,958  | 5,108,396  | 4,973,437  | 9,780,048  | 6,091,972  | 8,487,631  | 16,836,221 |            |            | 
| 2015-08 | 5,189,465  | 5,863,205  | 5,601,603  | 5,953,605  | 8,292,297  | 5,691,568  | 10,575,161 | 16,705,230 |            |            | 
| 2015-09 | 4,742,443  | 4,534,064  | 5,228,825  | 6,074,437  | 6,019,852  | 5,325,405  | 9,500,308  | 13,935,331 |            |            | 
| 2015-10 | 5,257,879  | 4,835,798  | 6,011,237  | 5,487,621  | 7,091,644  | 5,830,841  | 10,646,698 | 15,801,407 |            |            | 
| 2015-11 | 4,858,942  | 8,661,304  | 7,024,610  | 7,971,875  | 7,763,038  | 6,373,510  | 10,557,037 | 25,744,264 |            |            | 
| 2015-12 | 5,305,317  | 6,011,606  | 5,056,969  | 15,161,418 | 8,768,232  | 5,595,639  | 9,348,903  | 21,015,988 |            |            | 
| 2016-01 | 5,562,457  | 5,848,261  | 5,791,909  | 13,843,890 | 8,098,805  | 6,102,055  | 12,168,258 | 20,290,963 | 4,572,464  |            | 
| 2016-02 | 5,033,317  | 7,456,324  | 6,167,621  | 7,262,513  | 8,551,472  | 6,018,698  | 10,137,240 | 15,096,840 | 6,250,635  |            | 
| 2016-03 | 4,815,824  | 6,013,996  | 6,027,379  | 5,959,280  | 10,698,649 | 5,826,580  | 9,515,831  | 14,851,845 | 10,271,905 |            | 
| 2016-04 | 4,569,468  | 5,649,692  | 5,281,918  | 6,188,181  | 16,131,790 | 6,543,465  | 8,647,695  | 17,046,017 | 17,070,069 |            | 
| 2016-05 | 4,296,055  | 5,062,462  | 5,231,970  | 5,242,403  | 10,521,720 | 5,277,938  | 8,567,943  | 16,889,209 | 14,976,161 |            | 
| 2016-06 | 4,388,662  | 4,306,681  | 4,848,707  | 4,928,200  | 10,446,152 | 6,790,957  | 8,777,516  | 9,729,436  | 18,266,705 |            | 
| 2016-07 | 3,911,107  | 4,419,572  | 3,988,552  | 5,714,405  | 8,544,803  | 7,957,374  | 8,232,181  | 8,239,085  | 22,961,143 |            | 
| 2016-08 | 4,152,974  | 7,552,256  | 4,127,817  | 4,796,031  | 7,731,630  | 5,950,782  | 8,736,233  | 7,069,003  | 14,049,693 |            | 
| 2016-09 | 3,347,233  | 4,161,726  | 3,792,225  | 4,036,264  | 6,435,261  | 4,710,234  | 6,294,141  | 6,901,270  | 16,578,372 |            | 
| 2016-10 | 5,619,003  | 7,920,946  | 3,840,736  | 4,942,476  | 6,396,477  | 5,405,388  | 9,459,121  | 8,174,080  | 17,847,289 |            | 
| 2016-11 | 4,967,791  | 9,071,115  | 3,702,511  | 5,013,238  | 6,101,453  | 5,683,529  | 7,022,113  | 7,562,996  | 25,754,138 |            | 
| 2016-12 | 4,947,013  | 8,623,208  | 4,486,302  | 4,651,497  | 6,364,425  | 6,225,507  | 8,964,900  | 7,343,955  | 21,627,392 |            | 
| 2017-01 | 4,979,812  | 6,440,057  | 4,547,984  | 4,904,846  | 7,564,325  | 5,929,925  | 9,273,834  | 8,415,103  | 23,720,156 | 9,293,856  | 
| 2017-02 | 4,469,766  | 5,746,554  | 3,945,736  | 4,603,897  | 5,595,635  | 4,513,679  | 6,539,980  | 8,033,476  | 22,010,985 | 11,558,236 | 
| 2017-03 | 5,595,505  | 6,007,092  | 4,634,412  | 5,625,553  | 8,436,173  | 5,453,999  | 8,337,426  | 8,605,727  | 13,385,397 | 13,979,838 | 
| 2017-04 | 4,469,219  | 4,882,186  | 4,326,031  | 5,946,175  | 7,117,745  | 5,905,321  | 10,176,494 | 10,265,411 | 14,393,981 | 15,305,744 | 
| 2017-05 | 5,019,763  | 4,677,661  | 4,547,974  | 6,223,876  | 6,032,034  | 5,437,705  | 10,202,973 | 13,101,649 | 10,214,136 | 15,578,443 | 
| 2017-06 | 5,434,499  | 4,089,537  | 4,436,806  | 4,058,214  | 5,547,602  | 6,386,927  | 7,340,087  | 9,741,028  | 12,574,416 | 17,401,295 | 
| 2017-07 | 5,602,371  | 4,652,644  | 4,904,811  | 4,718,499  | 6,150,072  | 5,529,824  | 7,147,164  | 9,426,926  | 11,598,885 | 22,532,528 | 
| 2017-08 | 4,484,507  | 4,585,825  | 4,720,087  | 5,121,296  | 6,292,192  | 5,863,507  | 6,428,983  | 9,770,253  | 11,173,640 | 28,677,262 | 


